service_id,date,exception_type
1,20190114,1
1,20190115,1
1,20190116,1
1,20190117,1
1,20190118,1
1,20190121,1
1,20190122,1
1,20190123,1
1,20190124,1
1,20190125,1
1,20190128,1
1,20190129,1
1,20190130,1
1,20190131,1
1,20190201,1
1,20190204,1
1,20190205,1
1,20190206,1
1,20190207,1
1,20190208,1
1,20190211,1
1,20190212,1
1,20190213,1
1,20190214,1
1,20190215,1
1,20190218,1
1,20190219,1
1,20190220,1
1,20190221,1
1,20190222,1
1,20190225,1
1,20190226,1
1,20190227,1
1,20190228,1
1,20190301,1
1,20190304,1
1,20190305,1
1,20190306,1
1,20190307,1
1,20190308,1
1,20190311,1
1,20190312,1
1,20190313,1
1,20190314,1
1,20190315,1
1,20190318,1
1,20190319,1
1,20190320,1
1,20190321,1
1,20190322,1
1,20190325,1
1,20190326,1
1,20190327,1
1,20190328,1
1,20190329,1
1,20190401,1
1,20190402,1
1,20190403,1
1,20190404,1
1,20190405,1
1,20190408,1
1,20190409,1
1,20190410,1
1,20190411,1
1,20190412,1
1,20190415,1
1,20190416,1
1,20190417,1
1,20190418,1
1,20190419,1
1,20190422,1
1,20190423,1
1,20190424,1
1,20190425,1
1,20190426,1
1,20190429,1
1,20190430,1
1,20190501,1
1,20190502,1
1,20190503,1
1,20190506,1
1,20190507,1
1,20190508,1
1,20190509,1
1,20190510,1
1,20190513,1
1,20190514,1
1,20190515,1
1,20190516,1
1,20190517,1
1,20190520,1
1,20190521,1
1,20190522,1
1,20190523,1
1,20190524,1
1,20190527,1
1,20190528,1
1,20190529,1
1,20190530,1
1,20190531,1
1,20190603,1
1,20190604,1
1,20190605,1
1,20190606,1
1,20190607,1
1,20190610,1
1,20190611,1
1,20190612,1
1,20190613,1
1,20190614,1
1,20190617,1
1,20190618,1
1,20190619,1
1,20190620,1
2,20190112,1
2,20190113,1
2,20190114,1
2,20190115,1
2,20190116,1
2,20190117,1
2,20190118,1
2,20190119,1
2,20190120,1
2,20190121,1
2,20190122,1
2,20190123,1
2,20190124,1
2,20190125,1
2,20190126,1
2,20190127,1
2,20190128,1
2,20190129,1
2,20190130,1
2,20190131,1
2,20190201,1
2,20190202,1
2,20190203,1
2,20190204,1
2,20190205,1
2,20190206,1
2,20190207,1
2,20190208,1
2,20190209,1
2,20190210,1
2,20190211,1
2,20190212,1
2,20190213,1
2,20190214,1
2,20190215,1
2,20190216,1
2,20190217,1
2,20190218,1
2,20190219,1
2,20190220,1
2,20190221,1
2,20190222,1
2,20190223,1
2,20190224,1
2,20190225,1
2,20190226,1
2,20190227,1
2,20190228,1
2,20190301,1
2,20190302,1
2,20190303,1
2,20190304,1
2,20190305,1
2,20190306,1
2,20190307,1
2,20190308,1
2,20190309,1
2,20190310,1
2,20190311,1
2,20190312,1
2,20190313,1
2,20190314,1
2,20190315,1
2,20190316,1
2,20190317,1
2,20190318,1
2,20190319,1
2,20190320,1
2,20190321,1
2,20190322,1
2,20190323,1
2,20190324,1
2,20190325,1
2,20190326,1
2,20190327,1
2,20190328,1
2,20190329,1
2,20190330,1
2,20190331,1
2,20190401,1
2,20190402,1
2,20190403,1
2,20190404,1
2,20190405,1
2,20190406,1
2,20190407,1
2,20190408,1
2,20190409,1
2,20190410,1
2,20190411,1
2,20190412,1
2,20190413,1
2,20190414,1
2,20190415,1
2,20190416,1
2,20190417,1
2,20190418,1
2,20190419,1
2,20190420,1
2,20190421,1
2,20190422,1
2,20190423,1
2,20190424,1
2,20190425,1
2,20190426,1
2,20190427,1
2,20190428,1
2,20190429,1
2,20190430,1
2,20190501,1
2,20190502,1
2,20190503,1
2,20190504,1
2,20190505,1
2,20190506,1
2,20190507,1
2,20190508,1
2,20190509,1
2,20190510,1
2,20190511,1
2,20190512,1
2,20190513,1
2,20190514,1
2,20190515,1
2,20190516,1
2,20190517,1
2,20190518,1
2,20190519,1
2,20190520,1
2,20190521,1
2,20190522,1
2,20190523,1
2,20190524,1
2,20190525,1
2,20190526,1
2,20190527,1
2,20190528,1
2,20190529,1
2,20190530,1
2,20190531,1
2,20190601,1
2,20190602,1
2,20190603,1
2,20190604,1
2,20190605,1
2,20190606,1
2,20190607,1
2,20190608,1
2,20190609,1
2,20190610,1
2,20190611,1
2,20190612,1
2,20190613,1
2,20190614,1
2,20190615,1
2,20190616,1
2,20190617,1
2,20190618,1
2,20190619,1
2,20190620,1
3,20190112,1
3,20190113,1
3,20190119,1
3,20190120,1
3,20190126,1
3,20190127,1
3,20190202,1
3,20190203,1
3,20190209,1
3,20190210,1
3,20190216,1
3,20190217,1
3,20190223,1
3,20190224,1
3,20190302,1
3,20190303,1
3,20190309,1
3,20190310,1
3,20190316,1
3,20190317,1
3,20190323,1
3,20190324,1
3,20190330,1
3,20190331,1
3,20190406,1
3,20190407,1
3,20190413,1
3,20190414,1
3,20190420,1
3,20190421,1
3,20190427,1
3,20190428,1
3,20190504,1
3,20190505,1
3,20190511,1
3,20190512,1
3,20190518,1
3,20190519,1
3,20190525,1
3,20190526,1
3,20190601,1
3,20190602,1
3,20190608,1
3,20190609,1
3,20190615,1
3,20190616,1
4,20190114,1
4,20190115,1
4,20190116,1
4,20190117,1
4,20190118,1
4,20190121,1
4,20190122,1
4,20190123,1
4,20190124,1
4,20190125,1
4,20190128,1
4,20190129,1
4,20190130,1
4,20190131,1
4,20190201,1
4,20190204,1
4,20190205,1
4,20190206,1
4,20190207,1
4,20190208,1
4,20190211,1
4,20190212,1
4,20190213,1
4,20190214,1
4,20190215,1
4,20190218,1
4,20190219,1
4,20190220,1
4,20190221,1
4,20190222,1
4,20190225,1
4,20190226,1
4,20190227,1
4,20190228,1
4,20190301,1
4,20190304,1
4,20190305,1
4,20190306,1
4,20190307,1
4,20190308,1
4,20190311,1
4,20190312,1
4,20190313,1
4,20190314,1
4,20190315,1
4,20190318,1
4,20190319,1
4,20190320,1
4,20190321,1
4,20190322,1
4,20190325,1
4,20190326,1
4,20190327,1
4,20190328,1
4,20190329,1
4,20190401,1
4,20190408,1
4,20190415,1
4,20190416,1
4,20190417,1
4,20190418,1
4,20190419,1
4,20190422,1
4,20190423,1
4,20190424,1
4,20190425,1
4,20190426,1
4,20190429,1
4,20190430,1
4,20190501,1
4,20190502,1
4,20190503,1
4,20190506,1
4,20190507,1
4,20190508,1
4,20190509,1
4,20190510,1
4,20190513,1
4,20190514,1
4,20190515,1
4,20190516,1
4,20190517,1
4,20190520,1
4,20190521,1
4,20190522,1
4,20190523,1
4,20190524,1
4,20190527,1
4,20190528,1
4,20190529,1
4,20190530,1
4,20190531,1
4,20190603,1
4,20190604,1
4,20190605,1
4,20190606,1
4,20190607,1
4,20190610,1
4,20190611,1
4,20190612,1
4,20190613,1
4,20190614,1
4,20190617,1
4,20190618,1
4,20190619,1
4,20190620,1
5,20190112,1
5,20190119,1
5,20190126,1
5,20190202,1
5,20190209,1
5,20190216,1
5,20190223,1
5,20190302,1
5,20190309,1
5,20190316,1
5,20190323,1
5,20190330,1
5,20190406,1
5,20190413,1
5,20190420,1
5,20190427,1
5,20190504,1
5,20190511,1
5,20190518,1
5,20190525,1
5,20190601,1
5,20190608,1
5,20190615,1
6,20190114,1
6,20190115,1
6,20190116,1
6,20190117,1
6,20190118,1
6,20190121,1
6,20190122,1
6,20190123,1
6,20190124,1
6,20190125,1
6,20190128,1
6,20190129,1
6,20190130,1
6,20190131,1
6,20190201,1
6,20190204,1
6,20190205,1
6,20190206,1
6,20190207,1
6,20190208,1
6,20190211,1
6,20190212,1
6,20190213,1
6,20190214,1
6,20190215,1
6,20190218,1
6,20190219,1
6,20190220,1
6,20190221,1
6,20190222,1
6,20190225,1
6,20190226,1
6,20190227,1
6,20190228,1
6,20190301,1
6,20190304,1
6,20190305,1
6,20190306,1
6,20190307,1
6,20190308,1
6,20190311,1
6,20190312,1
6,20190313,1
6,20190314,1
6,20190315,1
6,20190318,1
6,20190319,1
6,20190320,1
6,20190321,1
6,20190322,1
6,20190325,1
6,20190326,1
6,20190327,1
6,20190328,1
6,20190329,1
6,20190401,1
6,20190402,1
6,20190403,1
6,20190404,1
6,20190405,1
6,20190408,1
6,20190409,1
6,20190410,1
6,20190411,1
6,20190412,1
6,20190415,1
6,20190416,1
6,20190417,1
6,20190418,1
6,20190419,1
6,20190422,1
6,20190423,1
6,20190424,1
6,20190425,1
6,20190426,1
6,20190429,1
6,20190430,1
6,20190501,1
6,20190502,1
6,20190503,1
6,20190506,1
6,20190507,1
6,20190508,1
6,20190509,1
6,20190510,1
6,20190513,1
6,20190514,1
6,20190515,1
6,20190516,1
6,20190517,1
6,20190520,1
6,20190521,1
6,20190522,1
6,20190523,1
6,20190524,1
6,20190527,1
6,20190528,1
6,20190529,1
6,20190530,1
6,20190603,1
6,20190604,1
6,20190605,1
6,20190606,1
6,20190610,1
6,20190611,1
6,20190612,1
6,20190613,1
6,20190614,1
6,20190617,1
6,20190618,1
6,20190619,1
6,20190620,1
7,20190113,1
7,20190114,1
7,20190115,1
7,20190116,1
7,20190117,1
7,20190118,1
7,20190120,1
7,20190121,1
7,20190122,1
7,20190123,1
7,20190124,1
7,20190125,1
7,20190127,1
7,20190128,1
7,20190129,1
7,20190130,1
7,20190131,1
7,20190201,1
7,20190203,1
7,20190204,1
7,20190205,1
7,20190206,1
7,20190207,1
7,20190208,1
7,20190210,1
7,20190211,1
7,20190212,1
7,20190213,1
7,20190214,1
7,20190215,1
7,20190217,1
7,20190218,1
7,20190219,1
7,20190220,1
7,20190221,1
7,20190222,1
7,20190224,1
7,20190225,1
7,20190226,1
7,20190227,1
7,20190228,1
7,20190301,1
7,20190303,1
7,20190304,1
7,20190305,1
7,20190306,1
7,20190307,1
7,20190308,1
7,20190310,1
7,20190311,1
7,20190312,1
7,20190313,1
7,20190314,1
7,20190315,1
7,20190317,1
7,20190318,1
7,20190319,1
7,20190320,1
7,20190321,1
7,20190322,1
7,20190324,1
7,20190325,1
7,20190326,1
7,20190327,1
7,20190328,1
7,20190329,1
7,20190331,1
7,20190401,1
7,20190402,1
7,20190403,1
7,20190404,1
7,20190405,1
7,20190407,1
7,20190408,1
7,20190409,1
7,20190410,1
7,20190411,1
7,20190412,1
7,20190414,1
7,20190415,1
7,20190416,1
7,20190417,1
7,20190418,1
7,20190421,1
7,20190422,1
7,20190423,1
7,20190424,1
7,20190425,1
7,20190426,1
7,20190428,1
7,20190429,1
7,20190430,1
7,20190501,1
7,20190502,1
7,20190503,1
7,20190505,1
7,20190506,1
7,20190507,1
7,20190508,1
7,20190509,1
7,20190510,1
7,20190512,1
7,20190513,1
7,20190514,1
7,20190515,1
7,20190516,1
7,20190517,1
7,20190519,1
7,20190520,1
7,20190521,1
7,20190522,1
7,20190523,1
7,20190524,1
7,20190526,1
7,20190527,1
7,20190528,1
7,20190529,1
7,20190530,1
7,20190531,1
7,20190602,1
7,20190603,1
7,20190604,1
7,20190605,1
7,20190606,1
7,20190607,1
7,20190609,1
7,20190610,1
7,20190611,1
7,20190612,1
7,20190613,1
7,20190614,1
7,20190616,1
7,20190617,1
7,20190618,1
7,20190619,1
7,20190620,1
8,20190114,1
8,20190115,1
8,20190116,1
8,20190117,1
8,20190118,1
8,20190121,1
8,20190122,1
8,20190123,1
8,20190124,1
8,20190125,1
8,20190128,1
8,20190129,1
8,20190130,1
8,20190131,1
8,20190201,1
8,20190204,1
8,20190205,1
8,20190206,1
8,20190207,1
8,20190208,1
8,20190211,1
8,20190212,1
8,20190213,1
8,20190214,1
8,20190215,1
8,20190218,1
8,20190219,1
8,20190220,1
8,20190221,1
8,20190222,1
8,20190225,1
8,20190226,1
8,20190227,1
8,20190228,1
8,20190301,1
8,20190304,1
8,20190305,1
8,20190306,1
8,20190307,1
8,20190308,1
8,20190311,1
8,20190312,1
8,20190313,1
8,20190314,1
8,20190315,1
8,20190318,1
8,20190319,1
8,20190320,1
8,20190321,1
8,20190322,1
8,20190325,1
8,20190326,1
8,20190327,1
8,20190328,1
8,20190329,1
8,20190401,1
8,20190402,1
8,20190403,1
8,20190404,1
8,20190405,1
8,20190408,1
8,20190409,1
8,20190410,1
8,20190411,1
8,20190412,1
8,20190415,1
8,20190416,1
8,20190417,1
8,20190418,1
8,20190419,1
8,20190422,1
8,20190423,1
8,20190424,1
8,20190425,1
8,20190426,1
8,20190429,1
8,20190430,1
8,20190501,1
8,20190502,1
8,20190503,1
8,20190506,1
8,20190507,1
8,20190508,1
8,20190509,1
8,20190510,1
8,20190513,1
8,20190514,1
8,20190515,1
8,20190516,1
8,20190517,1
8,20190520,1
8,20190521,1
8,20190522,1
8,20190523,1
8,20190524,1
8,20190527,1
8,20190528,1
8,20190529,1
8,20190530,1
8,20190531,1
8,20190603,1
8,20190604,1
8,20190605,1
8,20190606,1
8,20190607,1
8,20190610,1
8,20190611,1
8,20190612,1
8,20190613,1
8,20190614,1
9,20190114,1
9,20190115,1
9,20190116,1
9,20190117,1
9,20190118,1
9,20190121,1
9,20190122,1
9,20190123,1
9,20190124,1
9,20190125,1
9,20190128,1
9,20190129,1
9,20190130,1
9,20190131,1
9,20190201,1
9,20190204,1
9,20190205,1
9,20190206,1
9,20190207,1
9,20190208,1
9,20190211,1
9,20190212,1
9,20190213,1
9,20190214,1
9,20190215,1
9,20190225,1
9,20190226,1
9,20190227,1
9,20190228,1
9,20190301,1
9,20190304,1
9,20190305,1
9,20190306,1
9,20190307,1
9,20190308,1
9,20190311,1
9,20190312,1
9,20190313,1
9,20190314,1
9,20190315,1
9,20190318,1
9,20190319,1
9,20190320,1
9,20190321,1
9,20190322,1
9,20190325,1
9,20190326,1
9,20190327,1
9,20190328,1
9,20190329,1
9,20190401,1
9,20190402,1
9,20190403,1
9,20190404,1
9,20190405,1
9,20190408,1
9,20190409,1
9,20190410,1
9,20190411,1
9,20190412,1
9,20190419,1
9,20190422,1
9,20190423,1
9,20190424,1
9,20190425,1
9,20190426,1
9,20190429,1
9,20190501,1
9,20190502,1
9,20190503,1
9,20190506,1
9,20190507,1
9,20190508,1
9,20190509,1
9,20190510,1
9,20190513,1
9,20190514,1
9,20190515,1
9,20190516,1
9,20190517,1
9,20190520,1
9,20190521,1
9,20190522,1
9,20190523,1
9,20190524,1
9,20190527,1
9,20190528,1
9,20190529,1
9,20190530,1
9,20190603,1
9,20190604,1
9,20190605,1
9,20190606,1
9,20190610,1
9,20190611,1
9,20190612,1
10,20190114,1
10,20190121,1
10,20190128,1
10,20190204,1
10,20190211,1
10,20190225,1
10,20190304,1
10,20190311,1
10,20190318,1
10,20190325,1
10,20190401,1
10,20190408,1
10,20190422,1
10,20190429,1
10,20190506,1
10,20190513,1
10,20190520,1
10,20190527,1
10,20190603,1
10,20190610,1
11,20190112,1
11,20190113,1
11,20190114,1
11,20190115,1
11,20190116,1
11,20190117,1
11,20190118,1
11,20190119,1
11,20190120,1
11,20190121,1
11,20190122,1
11,20190123,1
11,20190124,1
11,20190125,1
11,20190126,1
11,20190127,1
11,20190128,1
11,20190129,1
11,20190130,1
11,20190131,1
11,20190201,1
11,20190202,1
11,20190203,1
11,20190204,1
11,20190205,1
11,20190206,1
11,20190207,1
11,20190208,1
11,20190209,1
11,20190210,1
11,20190211,1
11,20190212,1
11,20190213,1
11,20190214,1
11,20190215,1
11,20190216,1
11,20190217,1
11,20190218,1
11,20190219,1
11,20190220,1
11,20190221,1
11,20190222,1
11,20190223,1
11,20190224,1
11,20190225,1
11,20190226,1
11,20190227,1
11,20190228,1
11,20190301,1
11,20190302,1
11,20190303,1
11,20190304,1
11,20190305,1
11,20190306,1
11,20190307,1
11,20190308,1
11,20190309,1
11,20190310,1
11,20190311,1
11,20190312,1
11,20190313,1
11,20190314,1
11,20190315,1
11,20190316,1
11,20190317,1
11,20190318,1
11,20190319,1
11,20190320,1
11,20190321,1
11,20190322,1
11,20190323,1
11,20190324,1
11,20190325,1
11,20190326,1
11,20190327,1
11,20190328,1
11,20190329,1
11,20190330,1
11,20190331,1
11,20190401,1
11,20190402,1
11,20190403,1
11,20190404,1
11,20190405,1
11,20190406,1
11,20190407,1
11,20190408,1
11,20190409,1
11,20190410,1
11,20190411,1
11,20190412,1
11,20190413,1
11,20190414,1
11,20190415,1
11,20190416,1
11,20190417,1
11,20190418,1
11,20190419,1
11,20190420,1
11,20190421,1
11,20190422,1
11,20190423,1
11,20190424,1
11,20190425,1
11,20190426,1
11,20190427,1
11,20190428,1
11,20190429,1
11,20190430,1
11,20190501,1
11,20190502,1
11,20190503,1
11,20190504,1
11,20190505,1
11,20190506,1
11,20190507,1
11,20190508,1
11,20190509,1
11,20190510,1
11,20190511,1
11,20190512,1
11,20190513,1
11,20190514,1
11,20190515,1
11,20190516,1
11,20190517,1
11,20190518,1
11,20190519,1
11,20190520,1
11,20190521,1
11,20190522,1
11,20190523,1
11,20190524,1
11,20190525,1
11,20190526,1
11,20190527,1
11,20190528,1
11,20190529,1
11,20190530,1
11,20190531,1
11,20190601,1
11,20190602,1
11,20190603,1
11,20190604,1
11,20190605,1
11,20190606,1
11,20190607,1
11,20190608,1
11,20190609,1
11,20190610,1
11,20190611,1
11,20190612,1
11,20190613,1
11,20190614,1
11,20190615,1
11,20190616,1
12,20190115,1
12,20190116,1
12,20190117,1
12,20190118,1
12,20190122,1
12,20190123,1
12,20190124,1
12,20190125,1
12,20190129,1
12,20190130,1
12,20190131,1
12,20190201,1
12,20190205,1
12,20190206,1
12,20190207,1
12,20190208,1
12,20190212,1
12,20190213,1
12,20190214,1
12,20190215,1
12,20190226,1
12,20190227,1
12,20190228,1
12,20190301,1
12,20190305,1
12,20190306,1
12,20190307,1
12,20190308,1
12,20190312,1
12,20190313,1
12,20190314,1
12,20190315,1
12,20190319,1
12,20190320,1
12,20190321,1
12,20190322,1
12,20190326,1
12,20190327,1
12,20190328,1
12,20190329,1
12,20190402,1
12,20190403,1
12,20190404,1
12,20190405,1
12,20190409,1
12,20190410,1
12,20190411,1
12,20190412,1
12,20190419,1
12,20190423,1
12,20190424,1
12,20190425,1
12,20190426,1
12,20190501,1
12,20190502,1
12,20190503,1
12,20190507,1
12,20190508,1
12,20190509,1
12,20190510,1
12,20190514,1
12,20190515,1
12,20190516,1
12,20190517,1
12,20190521,1
12,20190522,1
12,20190523,1
12,20190524,1
12,20190528,1
12,20190529,1
12,20190530,1
12,20190604,1
12,20190605,1
12,20190606,1
12,20190611,1
12,20190612,1
13,20190114,1
13,20190117,1
13,20190121,1
13,20190124,1
13,20190128,1
13,20190131,1
13,20190204,1
13,20190207,1
13,20190211,1
13,20190214,1
13,20190225,1
13,20190228,1
13,20190304,1
13,20190307,1
13,20190311,1
13,20190314,1
13,20190318,1
13,20190321,1
13,20190325,1
13,20190328,1
13,20190401,1
13,20190404,1
13,20190408,1
13,20190411,1
13,20190422,1
13,20190425,1
13,20190429,1
13,20190502,1
13,20190506,1
13,20190509,1
13,20190513,1
13,20190516,1
13,20190520,1
13,20190523,1
13,20190527,1
13,20190530,1
13,20190603,1
13,20190606,1
13,20190610,1
14,20190117,1
14,20190118,1
14,20190124,1
14,20190125,1
14,20190131,1
14,20190201,1
14,20190207,1
14,20190208,1
14,20190214,1
14,20190215,1
14,20190228,1
14,20190301,1
14,20190307,1
14,20190308,1
14,20190314,1
14,20190315,1
14,20190321,1
14,20190322,1
14,20190328,1
14,20190329,1
14,20190404,1
14,20190405,1
14,20190411,1
14,20190412,1
14,20190419,1
14,20190425,1
14,20190426,1
14,20190502,1
14,20190503,1
14,20190509,1
14,20190510,1
14,20190516,1
14,20190517,1
14,20190523,1
14,20190524,1
14,20190530,1
14,20190606,1
15,20190116,1
15,20190123,1
15,20190130,1
15,20190206,1
15,20190213,1
15,20190227,1
15,20190306,1
15,20190313,1
15,20190320,1
15,20190327,1
15,20190403,1
15,20190410,1
15,20190424,1
15,20190501,1
15,20190508,1
15,20190515,1
15,20190522,1
15,20190529,1
15,20190605,1
15,20190612,1
16,20190117,1
16,20190124,1
16,20190131,1
16,20190207,1
16,20190214,1
16,20190228,1
16,20190307,1
16,20190314,1
16,20190321,1
16,20190328,1
16,20190404,1
16,20190411,1
16,20190425,1
16,20190502,1
16,20190509,1
16,20190516,1
16,20190523,1
16,20190530,1
16,20190606,1
17,20190115,1
17,20190122,1
17,20190129,1
17,20190205,1
17,20190212,1
17,20190226,1
17,20190305,1
17,20190312,1
17,20190319,1
17,20190326,1
17,20190402,1
17,20190409,1
17,20190423,1
17,20190507,1
17,20190514,1
17,20190521,1
17,20190528,1
17,20190604,1
17,20190611,1
18,20190118,1
18,20190125,1
18,20190201,1
18,20190208,1
18,20190215,1
18,20190301,1
18,20190308,1
18,20190315,1
18,20190322,1
18,20190329,1
18,20190405,1
18,20190412,1
18,20190419,1
18,20190426,1
18,20190503,1
18,20190510,1
18,20190517,1
18,20190524,1
19,20190115,1
19,20190118,1
19,20190122,1
19,20190125,1
19,20190129,1
19,20190201,1
19,20190205,1
19,20190208,1
19,20190212,1
19,20190215,1
19,20190226,1
19,20190301,1
19,20190305,1
19,20190308,1
19,20190312,1
19,20190315,1
19,20190319,1
19,20190322,1
19,20190326,1
19,20190329,1
19,20190402,1
19,20190405,1
19,20190409,1
19,20190412,1
19,20190419,1
19,20190423,1
19,20190426,1
19,20190503,1
19,20190507,1
19,20190510,1
19,20190514,1
19,20190517,1
19,20190521,1
19,20190524,1
19,20190528,1
19,20190604,1
19,20190611,1
20,20190115,1
20,20190117,1
20,20190118,1
20,20190122,1
20,20190124,1
20,20190125,1
20,20190129,1
20,20190131,1
20,20190201,1
20,20190205,1
20,20190207,1
20,20190208,1
20,20190212,1
20,20190214,1
20,20190215,1
20,20190226,1
20,20190228,1
20,20190301,1
20,20190305,1
20,20190307,1
20,20190308,1
20,20190312,1
20,20190314,1
20,20190315,1
20,20190319,1
20,20190321,1
20,20190322,1
20,20190326,1
20,20190328,1
20,20190329,1
20,20190402,1
20,20190404,1
20,20190405,1
20,20190409,1
20,20190411,1
20,20190412,1
20,20190419,1
20,20190423,1
20,20190425,1
20,20190426,1
20,20190502,1
20,20190503,1
20,20190507,1
20,20190509,1
20,20190510,1
20,20190514,1
20,20190516,1
20,20190517,1
20,20190521,1
20,20190523,1
20,20190524,1
20,20190528,1
20,20190530,1
20,20190604,1
20,20190606,1
20,20190611,1
21,20190114,1
21,20190115,1
21,20190116,1
21,20190121,1
21,20190122,1
21,20190123,1
21,20190128,1
21,20190129,1
21,20190130,1
21,20190204,1
21,20190205,1
21,20190206,1
21,20190211,1
21,20190212,1
21,20190213,1
21,20190225,1
21,20190226,1
21,20190227,1
21,20190304,1
21,20190305,1
21,20190306,1
21,20190311,1
21,20190312,1
21,20190313,1
21,20190318,1
21,20190319,1
21,20190320,1
21,20190325,1
21,20190326,1
21,20190327,1
21,20190401,1
21,20190402,1
21,20190403,1
21,20190408,1
21,20190409,1
21,20190410,1
21,20190422,1
21,20190423,1
21,20190424,1
21,20190429,1
21,20190501,1
21,20190506,1
21,20190507,1
21,20190508,1
21,20190513,1
21,20190514,1
21,20190515,1
21,20190520,1
21,20190521,1
21,20190522,1
21,20190527,1
21,20190528,1
21,20190529,1
21,20190603,1
21,20190604,1
21,20190605,1
21,20190610,1
21,20190611,1
21,20190612,1
22,20190118,1
22,20190125,1
22,20190201,1
22,20190208,1
22,20190215,1
22,20190222,1
22,20190301,1
22,20190308,1
22,20190315,1
22,20190322,1
22,20190329,1
22,20190405,1
22,20190412,1
22,20190419,1
22,20190422,1
22,20190426,1
22,20190430,1
22,20190501,1
22,20190503,1
22,20190510,1
22,20190517,1
22,20190524,1
22,20190529,1
22,20190530,1
22,20190531,1
22,20190605,1
22,20190606,1
22,20190607,1
22,20190614,1
23,20190113,1
23,20190120,1
23,20190127,1
23,20190203,1
23,20190210,1
23,20190217,1
23,20190224,1
23,20190303,1
23,20190310,1
23,20190317,1
23,20190324,1
23,20190331,1
23,20190407,1
23,20190414,1
23,20190421,1
23,20190428,1
23,20190505,1
23,20190512,1
23,20190519,1
23,20190526,1
23,20190602,1
23,20190609,1
23,20190616,1
24,20190112,1
24,20190119,1
24,20190126,1
24,20190202,1
24,20190209,1
24,20190216,1
24,20190223,1
24,20190302,1
24,20190309,1
24,20190316,1
24,20190323,1
24,20190330,1
24,20190406,1
24,20190413,1
24,20190420,1
24,20190421,1
24,20190427,1
24,20190504,1
24,20190511,1
24,20190518,1
24,20190525,1
24,20190601,1
24,20190608,1
24,20190615,1
25,20190118,1
25,20190125,1
25,20190201,1
25,20190208,1
25,20190215,1
25,20190222,1
25,20190301,1
25,20190308,1
25,20190315,1
25,20190322,1
25,20190329,1
25,20190405,1
25,20190412,1
25,20190418,1
25,20190419,1
25,20190422,1
25,20190426,1
25,20190429,1
25,20190430,1
25,20190501,1
25,20190503,1
25,20190510,1
25,20190517,1
25,20190524,1
25,20190530,1
25,20190531,1
25,20190605,1
25,20190606,1
25,20190607,1
25,20190614,1
26,20190113,1
26,20190114,1
26,20190115,1
26,20190116,1
26,20190117,1
26,20190120,1
26,20190121,1
26,20190122,1
26,20190123,1
26,20190124,1
26,20190127,1
26,20190128,1
26,20190129,1
26,20190130,1
26,20190131,1
26,20190203,1
26,20190204,1
26,20190205,1
26,20190206,1
26,20190207,1
26,20190210,1
26,20190211,1
26,20190212,1
26,20190213,1
26,20190214,1
26,20190217,1
26,20190218,1
26,20190219,1
26,20190220,1
26,20190221,1
26,20190224,1
26,20190225,1
26,20190226,1
26,20190227,1
26,20190228,1
26,20190303,1
26,20190304,1
26,20190305,1
26,20190306,1
26,20190307,1
26,20190310,1
26,20190311,1
26,20190312,1
26,20190313,1
26,20190314,1
26,20190317,1
26,20190318,1
26,20190319,1
26,20190320,1
26,20190321,1
26,20190324,1
26,20190325,1
26,20190326,1
26,20190327,1
26,20190328,1
26,20190331,1
26,20190401,1
26,20190402,1
26,20190403,1
26,20190404,1
26,20190407,1
26,20190408,1
26,20190409,1
26,20190410,1
26,20190411,1
26,20190414,1
26,20190415,1
26,20190416,1
26,20190417,1
26,20190422,1
26,20190423,1
26,20190424,1
26,20190425,1
26,20190428,1
26,20190501,1
26,20190502,1
26,20190505,1
26,20190506,1
26,20190507,1
26,20190508,1
26,20190509,1
26,20190512,1
26,20190513,1
26,20190514,1
26,20190515,1
26,20190516,1
26,20190519,1
26,20190520,1
26,20190521,1
26,20190522,1
26,20190523,1
26,20190526,1
26,20190527,1
26,20190528,1
26,20190529,1
26,20190530,1
26,20190602,1
26,20190603,1
26,20190604,1
26,20190606,1
26,20190609,1
26,20190610,1
26,20190611,1
26,20190612,1
26,20190613,1
26,20190616,1
27,20190112,1
27,20190118,1
27,20190119,1
27,20190125,1
27,20190126,1
27,20190201,1
27,20190202,1
27,20190208,1
27,20190209,1
27,20190215,1
27,20190216,1
27,20190222,1
27,20190223,1
27,20190301,1
27,20190302,1
27,20190308,1
27,20190309,1
27,20190315,1
27,20190316,1
27,20190322,1
27,20190323,1
27,20190329,1
27,20190330,1
27,20190405,1
27,20190406,1
27,20190412,1
27,20190413,1
27,20190418,1
27,20190419,1
27,20190420,1
27,20190421,1
27,20190422,1
27,20190426,1
27,20190427,1
27,20190429,1
27,20190430,1
27,20190501,1
27,20190503,1
27,20190504,1
27,20190510,1
27,20190511,1
27,20190517,1
27,20190518,1
27,20190524,1
27,20190525,1
27,20190530,1
27,20190531,1
27,20190601,1
27,20190605,1
27,20190606,1
27,20190607,1
27,20190608,1
27,20190614,1
27,20190615,1
28,20190114,1
28,20190115,1
28,20190117,1
28,20190118,1
28,20190121,1
28,20190122,1
28,20190124,1
28,20190125,1
28,20190128,1
28,20190129,1
28,20190131,1
28,20190201,1
28,20190204,1
28,20190205,1
28,20190207,1
28,20190208,1
28,20190211,1
28,20190212,1
28,20190214,1
28,20190215,1
28,20190225,1
28,20190226,1
28,20190228,1
28,20190301,1
28,20190304,1
28,20190305,1
28,20190307,1
28,20190308,1
28,20190311,1
28,20190312,1
28,20190314,1
28,20190315,1
28,20190318,1
28,20190319,1
28,20190321,1
28,20190322,1
28,20190325,1
28,20190326,1
28,20190328,1
28,20190329,1
28,20190401,1
28,20190402,1
28,20190404,1
28,20190405,1
28,20190408,1
28,20190409,1
28,20190411,1
28,20190412,1
28,20190419,1
28,20190422,1
28,20190423,1
28,20190425,1
28,20190426,1
28,20190429,1
28,20190502,1
28,20190503,1
28,20190506,1
28,20190507,1
28,20190509,1
28,20190510,1
28,20190513,1
28,20190514,1
28,20190516,1
28,20190517,1
28,20190520,1
28,20190521,1
28,20190523,1
28,20190524,1
28,20190527,1
28,20190528,1
28,20190530,1
28,20190603,1
28,20190604,1
28,20190606,1
28,20190610,1
28,20190611,1
29,20190114,1
29,20190115,1
29,20190116,1
29,20190117,1
29,20190121,1
29,20190122,1
29,20190123,1
29,20190124,1
29,20190128,1
29,20190129,1
29,20190130,1
29,20190131,1
29,20190204,1
29,20190205,1
29,20190206,1
29,20190207,1
29,20190211,1
29,20190212,1
29,20190213,1
29,20190214,1
29,20190218,1
29,20190219,1
29,20190220,1
29,20190221,1
29,20190225,1
29,20190226,1
29,20190227,1
29,20190228,1
29,20190304,1
29,20190305,1
29,20190306,1
29,20190307,1
29,20190311,1
29,20190312,1
29,20190313,1
29,20190314,1
29,20190318,1
29,20190319,1
29,20190320,1
29,20190321,1
29,20190325,1
29,20190326,1
29,20190327,1
29,20190328,1
29,20190401,1
29,20190402,1
29,20190403,1
29,20190404,1
29,20190408,1
29,20190409,1
29,20190410,1
29,20190411,1
29,20190415,1
29,20190416,1
29,20190417,1
29,20190422,1
29,20190423,1
29,20190424,1
29,20190425,1
29,20190501,1
29,20190502,1
29,20190506,1
29,20190507,1
29,20190508,1
29,20190509,1
29,20190513,1
29,20190514,1
29,20190515,1
29,20190516,1
29,20190520,1
29,20190521,1
29,20190522,1
29,20190523,1
29,20190527,1
29,20190528,1
29,20190529,1
29,20190530,1
29,20190603,1
29,20190604,1
29,20190606,1
29,20190610,1
29,20190611,1
29,20190612,1
29,20190613,1
30,20190113,1
30,20190120,1
30,20190127,1
30,20190203,1
30,20190210,1
30,20190217,1
30,20190224,1
30,20190303,1
30,20190310,1
30,20190317,1
30,20190324,1
30,20190331,1
30,20190407,1
30,20190414,1
30,20190428,1
30,20190505,1
30,20190512,1
30,20190519,1
30,20190526,1
30,20190602,1
30,20190609,1
30,20190616,1
31,20190114,1
32,20190115,1
32,20190116,1
32,20190117,1
32,20190118,1
32,20190121,1
32,20190122,1
32,20190123,1
32,20190124,1
32,20190125,1
32,20190128,1
32,20190129,1
32,20190130,1
32,20190131,1
32,20190201,1
32,20190204,1
32,20190205,1
32,20190206,1
32,20190207,1
32,20190208,1
32,20190211,1
32,20190212,1
32,20190213,1
32,20190214,1
32,20190215,1
32,20190218,1
32,20190219,1
32,20190220,1
32,20190221,1
32,20190222,1
32,20190225,1
32,20190226,1
32,20190227,1
32,20190228,1
32,20190301,1
32,20190304,1
32,20190305,1
32,20190306,1
32,20190307,1
32,20190308,1
32,20190311,1
32,20190312,1
32,20190313,1
32,20190314,1
32,20190315,1
32,20190318,1
32,20190319,1
32,20190320,1
32,20190321,1
32,20190322,1
32,20190325,1
32,20190326,1
32,20190327,1
32,20190328,1
32,20190329,1
32,20190401,1
32,20190402,1
32,20190403,1
32,20190404,1
32,20190405,1
32,20190408,1
32,20190409,1
32,20190410,1
32,20190411,1
32,20190412,1
32,20190415,1
32,20190416,1
32,20190417,1
32,20190418,1
32,20190419,1
32,20190422,1
32,20190423,1
32,20190424,1
32,20190425,1
32,20190426,1
32,20190429,1
32,20190430,1
32,20190501,1
32,20190502,1
32,20190503,1
32,20190506,1
32,20190507,1
32,20190508,1
32,20190509,1
32,20190510,1
32,20190513,1
32,20190514,1
32,20190515,1
32,20190516,1
32,20190517,1
32,20190520,1
32,20190521,1
32,20190522,1
32,20190523,1
32,20190524,1
32,20190527,1
32,20190528,1
32,20190529,1
32,20190530,1
32,20190531,1
32,20190603,1
32,20190604,1
32,20190605,1
32,20190606,1
32,20190607,1
32,20190610,1
32,20190611,1
32,20190612,1
32,20190613,1
32,20190614,1
33,20190218,1
33,20190219,1
33,20190220,1
33,20190221,1
33,20190222,1
33,20190415,1
33,20190416,1
33,20190417,1
33,20190418,1
33,20190419,1
33,20190422,1
33,20190430,1
33,20190501,1
33,20190530,1
33,20190531,1
33,20190606,1
33,20190607,1
33,20190613,1
33,20190614,1
34,20190114,1
34,20190115,1
34,20190116,1
34,20190117,1
34,20190121,1
34,20190122,1
34,20190123,1
34,20190124,1
34,20190128,1
34,20190129,1
34,20190130,1
34,20190131,1
34,20190204,1
34,20190205,1
34,20190206,1
34,20190207,1
34,20190211,1
34,20190212,1
34,20190213,1
34,20190214,1
34,20190225,1
34,20190226,1
34,20190227,1
34,20190228,1
34,20190304,1
34,20190305,1
34,20190306,1
34,20190307,1
34,20190311,1
34,20190312,1
34,20190313,1
34,20190314,1
34,20190318,1
34,20190319,1
34,20190320,1
34,20190321,1
34,20190325,1
34,20190326,1
34,20190327,1
34,20190328,1
34,20190401,1
34,20190402,1
34,20190403,1
34,20190404,1
34,20190408,1
34,20190409,1
34,20190410,1
34,20190411,1
34,20190422,1
34,20190423,1
34,20190424,1
34,20190425,1
34,20190429,1
34,20190501,1
34,20190502,1
34,20190506,1
34,20190507,1
34,20190508,1
34,20190509,1
34,20190513,1
34,20190514,1
34,20190515,1
34,20190516,1
34,20190520,1
34,20190521,1
34,20190522,1
34,20190523,1
34,20190527,1
34,20190528,1
34,20190529,1
34,20190530,1
34,20190603,1
34,20190604,1
34,20190605,1
34,20190606,1
34,20190610,1
34,20190611,1
34,20190612,1
35,20190114,1
35,20190116,1
35,20190121,1
35,20190123,1
35,20190128,1
35,20190130,1
35,20190204,1
35,20190206,1
35,20190211,1
35,20190213,1
35,20190225,1
35,20190227,1
35,20190304,1
35,20190306,1
35,20190311,1
35,20190313,1
35,20190318,1
35,20190320,1
35,20190325,1
35,20190327,1
35,20190401,1
35,20190403,1
35,20190408,1
35,20190410,1
35,20190422,1
35,20190424,1
35,20190429,1
35,20190501,1
35,20190506,1
35,20190508,1
35,20190513,1
35,20190515,1
35,20190520,1
35,20190522,1
35,20190527,1
35,20190529,1
35,20190603,1
35,20190605,1
35,20190610,1
35,20190612,1
36,20190115,1
36,20190116,1
36,20190118,1
36,20190122,1
36,20190123,1
36,20190125,1
36,20190129,1
36,20190130,1
36,20190201,1
36,20190205,1
36,20190206,1
36,20190208,1
36,20190212,1
36,20190213,1
36,20190215,1
36,20190226,1
36,20190227,1
36,20190301,1
36,20190305,1
36,20190306,1
36,20190308,1
36,20190312,1
36,20190313,1
36,20190315,1
36,20190319,1
36,20190320,1
36,20190322,1
36,20190326,1
36,20190327,1
36,20190329,1
36,20190402,1
36,20190403,1
36,20190405,1
36,20190409,1
36,20190410,1
36,20190412,1
36,20190419,1
36,20190423,1
36,20190424,1
36,20190426,1
36,20190501,1
36,20190503,1
36,20190507,1
36,20190508,1
36,20190510,1
36,20190514,1
36,20190515,1
36,20190517,1
36,20190521,1
36,20190522,1
36,20190524,1
36,20190528,1
36,20190529,1
36,20190604,1
36,20190605,1
36,20190611,1
36,20190612,1
37,20190112,1
37,20190114,1
37,20190115,1
37,20190116,1
37,20190117,1
37,20190118,1
37,20190119,1
37,20190121,1
37,20190122,1
37,20190123,1
37,20190124,1
37,20190125,1
37,20190126,1
37,20190128,1
37,20190129,1
37,20190130,1
37,20190131,1
37,20190201,1
37,20190202,1
37,20190204,1
37,20190205,1
37,20190206,1
37,20190207,1
37,20190208,1
37,20190209,1
37,20190211,1
37,20190212,1
37,20190213,1
37,20190214,1
37,20190215,1
37,20190216,1
37,20190218,1
37,20190219,1
37,20190220,1
37,20190221,1
37,20190222,1
37,20190223,1
37,20190225,1
37,20190226,1
37,20190227,1
37,20190228,1
37,20190301,1
37,20190302,1
37,20190304,1
37,20190305,1
37,20190306,1
37,20190307,1
37,20190308,1
37,20190309,1
37,20190311,1
37,20190312,1
37,20190313,1
37,20190314,1
37,20190315,1
37,20190316,1
37,20190318,1
37,20190319,1
37,20190320,1
37,20190321,1
37,20190322,1
37,20190323,1
37,20190325,1
37,20190326,1
37,20190327,1
37,20190328,1
37,20190329,1
37,20190330,1
37,20190401,1
37,20190402,1
37,20190403,1
37,20190404,1
37,20190405,1
37,20190406,1
37,20190408,1
37,20190409,1
37,20190410,1
37,20190411,1
37,20190412,1
37,20190413,1
37,20190415,1
37,20190416,1
37,20190417,1
37,20190418,1
37,20190419,1
37,20190420,1
37,20190422,1
37,20190423,1
37,20190424,1
37,20190425,1
37,20190426,1
37,20190427,1
37,20190429,1
37,20190430,1
37,20190501,1
37,20190502,1
37,20190503,1
37,20190504,1
37,20190506,1
37,20190507,1
37,20190508,1
37,20190509,1
37,20190510,1
37,20190511,1
37,20190513,1
37,20190514,1
37,20190515,1
37,20190516,1
37,20190517,1
37,20190518,1
37,20190520,1
37,20190521,1
37,20190522,1
37,20190523,1
37,20190524,1
37,20190525,1
37,20190527,1
37,20190528,1
37,20190529,1
37,20190530,1
37,20190531,1
37,20190601,1
37,20190603,1
37,20190604,1
37,20190605,1
37,20190606,1
37,20190607,1
37,20190608,1
37,20190610,1
37,20190611,1
37,20190612,1
37,20190613,1
37,20190614,1
37,20190615,1
37,20190617,1
37,20190618,1
37,20190619,1
37,20190620,1
38,20190114,1
38,20190117,1
38,20190118,1
38,20190121,1
38,20190124,1
38,20190125,1
38,20190128,1
38,20190131,1
38,20190201,1
38,20190204,1
38,20190207,1
38,20190208,1
38,20190211,1
38,20190214,1
38,20190215,1
38,20190225,1
38,20190228,1
38,20190301,1
38,20190304,1
38,20190307,1
38,20190308,1
38,20190311,1
38,20190314,1
38,20190315,1
38,20190318,1
38,20190321,1
38,20190322,1
38,20190325,1
38,20190328,1
38,20190329,1
38,20190401,1
38,20190404,1
38,20190405,1
38,20190408,1
38,20190411,1
38,20190412,1
38,20190419,1
38,20190422,1
38,20190425,1
38,20190426,1
38,20190429,1
38,20190502,1
38,20190503,1
38,20190506,1
38,20190509,1
38,20190510,1
38,20190513,1
38,20190516,1
38,20190517,1
38,20190520,1
38,20190523,1
38,20190524,1
38,20190527,1
38,20190530,1
38,20190603,1
38,20190606,1
38,20190610,1
39,20190115,1
39,20190116,1
39,20190122,1
39,20190123,1
39,20190129,1
39,20190130,1
39,20190205,1
39,20190206,1
39,20190212,1
39,20190213,1
39,20190226,1
39,20190227,1
39,20190305,1
39,20190306,1
39,20190312,1
39,20190313,1
39,20190319,1
39,20190320,1
39,20190326,1
39,20190327,1
39,20190402,1
39,20190403,1
39,20190409,1
39,20190410,1
39,20190423,1
39,20190424,1
39,20190501,1
39,20190507,1
39,20190508,1
39,20190514,1
39,20190515,1
39,20190521,1
39,20190522,1
39,20190528,1
39,20190529,1
39,20190604,1
39,20190605,1
39,20190611,1
39,20190612,1
40,20190114,1
40,20190115,1
40,20190116,1
40,20190117,1
40,20190121,1
40,20190122,1
40,20190123,1
40,20190124,1
40,20190128,1
40,20190129,1
40,20190130,1
40,20190131,1
40,20190204,1
40,20190205,1
40,20190206,1
40,20190207,1
40,20190211,1
40,20190212,1
40,20190213,1
40,20190214,1
40,20190218,1
40,20190219,1
40,20190220,1
40,20190221,1
40,20190225,1
40,20190226,1
40,20190227,1
40,20190228,1
40,20190304,1
40,20190305,1
40,20190306,1
40,20190307,1
40,20190311,1
40,20190312,1
40,20190313,1
40,20190314,1
40,20190318,1
40,20190319,1
40,20190320,1
40,20190321,1
40,20190325,1
40,20190326,1
40,20190327,1
40,20190328,1
40,20190401,1
40,20190402,1
40,20190403,1
40,20190404,1
40,20190408,1
40,20190409,1
40,20190410,1
40,20190411,1
40,20190415,1
40,20190416,1
40,20190417,1
40,20190418,1
40,20190422,1
40,20190423,1
40,20190424,1
40,20190425,1
40,20190429,1
40,20190501,1
40,20190502,1
40,20190506,1
40,20190507,1
40,20190508,1
40,20190509,1
40,20190513,1
40,20190514,1
40,20190515,1
40,20190516,1
40,20190520,1
40,20190521,1
40,20190522,1
40,20190523,1
40,20190527,1
40,20190528,1
40,20190530,1
40,20190603,1
40,20190604,1
40,20190606,1
40,20190610,1
40,20190611,1
40,20190612,1
40,20190613,1
41,20190115,1
41,20190117,1
41,20190122,1
41,20190124,1
41,20190129,1
41,20190131,1
41,20190205,1
41,20190207,1
41,20190212,1
41,20190214,1
41,20190226,1
41,20190228,1
41,20190305,1
41,20190307,1
41,20190312,1
41,20190314,1
41,20190319,1
41,20190321,1
41,20190326,1
41,20190328,1
41,20190402,1
41,20190404,1
41,20190409,1
41,20190411,1
41,20190423,1
41,20190425,1
41,20190502,1
41,20190507,1
41,20190509,1
41,20190514,1
41,20190516,1
41,20190521,1
41,20190523,1
41,20190528,1
41,20190530,1
41,20190604,1
41,20190606,1
41,20190611,1
42,20190114,1
42,20190116,1
42,20190117,1
42,20190121,1
42,20190123,1
42,20190124,1
42,20190128,1
42,20190130,1
42,20190131,1
42,20190204,1
42,20190206,1
42,20190207,1
42,20190211,1
42,20190213,1
42,20190214,1
42,20190225,1
42,20190227,1
42,20190228,1
42,20190304,1
42,20190306,1
42,20190307,1
42,20190311,1
42,20190313,1
42,20190314,1
42,20190318,1
42,20190320,1
42,20190321,1
42,20190325,1
42,20190327,1
42,20190328,1
42,20190401,1
42,20190403,1
42,20190404,1
42,20190408,1
42,20190410,1
42,20190411,1
42,20190422,1
42,20190424,1
42,20190425,1
42,20190429,1
42,20190501,1
42,20190502,1
42,20190506,1
42,20190508,1
42,20190509,1
42,20190513,1
42,20190515,1
42,20190516,1
42,20190520,1
42,20190522,1
42,20190523,1
42,20190527,1
42,20190529,1
42,20190530,1
42,20190603,1
42,20190605,1
42,20190606,1
42,20190610,1
42,20190612,1
43,20190114,1
43,20190115,1
43,20190116,1
43,20190117,1
43,20190118,1
43,20190121,1
43,20190122,1
43,20190123,1
43,20190124,1
43,20190125,1
43,20190128,1
43,20190129,1
43,20190130,1
43,20190131,1
43,20190201,1
43,20190204,1
43,20190205,1
43,20190206,1
43,20190207,1
43,20190208,1
43,20190211,1
43,20190212,1
43,20190213,1
43,20190214,1
43,20190215,1
43,20190218,1
43,20190219,1
43,20190220,1
43,20190221,1
43,20190222,1
43,20190225,1
43,20190226,1
43,20190227,1
43,20190228,1
43,20190301,1
43,20190304,1
43,20190305,1
43,20190306,1
43,20190307,1
43,20190308,1
43,20190311,1
43,20190312,1
43,20190313,1
43,20190314,1
43,20190315,1
43,20190318,1
43,20190319,1
43,20190320,1
43,20190321,1
43,20190322,1
43,20190325,1
43,20190326,1
43,20190327,1
43,20190328,1
43,20190329,1
43,20190401,1
43,20190402,1
43,20190403,1
43,20190404,1
43,20190405,1
43,20190408,1
43,20190409,1
43,20190410,1
43,20190411,1
43,20190412,1
43,20190415,1
43,20190416,1
43,20190417,1
43,20190418,1
43,20190419,1
43,20190422,1
43,20190423,1
43,20190424,1
43,20190425,1
43,20190426,1
43,20190429,1
43,20190501,1
43,20190502,1
43,20190503,1
43,20190506,1
43,20190507,1
43,20190508,1
43,20190509,1
43,20190510,1
43,20190513,1
43,20190514,1
43,20190515,1
43,20190516,1
43,20190517,1
43,20190520,1
43,20190521,1
43,20190522,1
43,20190523,1
43,20190524,1
43,20190527,1
43,20190528,1
43,20190530,1
43,20190531,1
43,20190603,1
43,20190604,1
43,20190606,1
43,20190607,1
43,20190610,1
43,20190611,1
43,20190612,1
43,20190613,1
43,20190614,1
44,20190118,1
44,20190125,1
44,20190201,1
44,20190208,1
44,20190215,1
44,20190222,1
44,20190301,1
44,20190308,1
44,20190315,1
44,20190322,1
44,20190329,1
44,20190405,1
44,20190412,1
44,20190419,1
44,20190426,1
44,20190503,1
44,20190510,1
44,20190517,1
44,20190524,1
44,20190531,1
44,20190607,1
44,20190614,1
45,20190422,1
45,20190430,1
45,20190501,1
45,20190529,1
45,20190530,1
45,20190605,1
45,20190606,1
46,20190114,1
46,20190116,1
46,20190117,1
46,20190118,1
46,20190121,1
46,20190123,1
46,20190124,1
46,20190125,1
46,20190128,1
46,20190130,1
46,20190131,1
46,20190201,1
46,20190204,1
46,20190206,1
46,20190207,1
46,20190208,1
46,20190211,1
46,20190213,1
46,20190214,1
46,20190215,1
46,20190225,1
46,20190227,1
46,20190228,1
46,20190301,1
46,20190304,1
46,20190306,1
46,20190307,1
46,20190308,1
46,20190311,1
46,20190313,1
46,20190314,1
46,20190315,1
46,20190318,1
46,20190320,1
46,20190321,1
46,20190322,1
46,20190325,1
46,20190327,1
46,20190328,1
46,20190329,1
46,20190401,1
46,20190403,1
46,20190404,1
46,20190405,1
46,20190408,1
46,20190410,1
46,20190411,1
46,20190412,1
46,20190419,1
46,20190422,1
46,20190424,1
46,20190425,1
46,20190426,1
46,20190429,1
46,20190501,1
46,20190502,1
46,20190503,1
46,20190506,1
46,20190508,1
46,20190509,1
46,20190510,1
46,20190513,1
46,20190515,1
46,20190516,1
46,20190517,1
46,20190520,1
46,20190522,1
46,20190523,1
46,20190524,1
46,20190527,1
46,20190529,1
46,20190530,1
46,20190603,1
46,20190605,1
46,20190606,1
46,20190610,1
46,20190612,1
47,20190114,1
47,20190115,1
47,20190116,1
47,20190117,1
47,20190118,1
47,20190121,1
47,20190122,1
47,20190123,1
47,20190124,1
47,20190125,1
47,20190128,1
47,20190129,1
47,20190130,1
47,20190131,1
47,20190201,1
47,20190204,1
47,20190205,1
47,20190206,1
47,20190207,1
47,20190208,1
47,20190211,1
47,20190212,1
47,20190213,1
47,20190214,1
47,20190215,1
47,20190218,1
47,20190219,1
47,20190220,1
47,20190221,1
47,20190222,1
47,20190304,1
47,20190305,1
47,20190306,1
47,20190307,1
47,20190308,1
47,20190311,1
47,20190312,1
47,20190313,1
47,20190314,1
47,20190315,1
47,20190318,1
47,20190319,1
47,20190320,1
47,20190321,1
47,20190322,1
47,20190325,1
47,20190326,1
47,20190327,1
47,20190328,1
47,20190329,1
47,20190401,1
47,20190402,1
47,20190403,1
47,20190404,1
47,20190405,1
47,20190408,1
47,20190409,1
47,20190410,1
47,20190411,1
47,20190412,1
47,20190419,1
47,20190422,1
47,20190423,1
47,20190424,1
47,20190425,1
47,20190426,1
47,20190429,1
47,20190501,1
47,20190502,1
47,20190503,1
47,20190506,1
47,20190507,1
47,20190508,1
47,20190509,1
47,20190510,1
47,20190513,1
47,20190514,1
47,20190515,1
47,20190516,1
47,20190517,1
47,20190520,1
47,20190521,1
47,20190522,1
47,20190523,1
47,20190524,1
47,20190527,1
47,20190528,1
47,20190529,1
47,20190530,1
47,20190603,1
47,20190604,1
47,20190605,1
47,20190606,1
47,20190610,1
47,20190611,1
48,20190112,1
48,20190118,1
48,20190119,1
48,20190125,1
48,20190126,1
48,20190201,1
48,20190202,1
48,20190208,1
48,20190209,1
48,20190215,1
48,20190216,1
48,20190222,1
48,20190223,1
48,20190301,1
48,20190302,1
48,20190308,1
48,20190309,1
48,20190315,1
48,20190316,1
48,20190322,1
48,20190323,1
48,20190329,1
48,20190330,1
48,20190405,1
48,20190406,1
48,20190412,1
48,20190413,1
48,20190419,1
48,20190420,1
48,20190426,1
48,20190427,1
48,20190503,1
48,20190504,1
48,20190510,1
48,20190511,1
48,20190517,1
48,20190518,1
48,20190524,1
48,20190525,1
48,20190531,1
48,20190601,1
48,20190607,1
48,20190608,1
48,20190614,1
48,20190615,1
49,20190113,1
49,20190114,1
49,20190115,1
49,20190116,1
49,20190117,1
49,20190120,1
49,20190121,1
49,20190122,1
49,20190123,1
49,20190124,1
49,20190127,1
49,20190128,1
49,20190129,1
49,20190130,1
49,20190131,1
49,20190203,1
49,20190204,1
49,20190205,1
49,20190206,1
49,20190207,1
49,20190210,1
49,20190211,1
49,20190212,1
49,20190213,1
49,20190214,1
49,20190217,1
49,20190218,1
49,20190219,1
49,20190220,1
49,20190221,1
49,20190224,1
49,20190225,1
49,20190226,1
49,20190227,1
49,20190228,1
49,20190303,1
49,20190304,1
49,20190305,1
49,20190306,1
49,20190307,1
49,20190310,1
49,20190311,1
49,20190312,1
49,20190313,1
49,20190314,1
49,20190317,1
49,20190318,1
49,20190319,1
49,20190320,1
49,20190321,1
49,20190324,1
49,20190325,1
49,20190326,1
49,20190327,1
49,20190328,1
49,20190331,1
49,20190401,1
49,20190402,1
49,20190403,1
49,20190404,1
49,20190407,1
49,20190408,1
49,20190409,1
49,20190410,1
49,20190411,1
49,20190414,1
49,20190415,1
49,20190416,1
49,20190417,1
49,20190418,1
49,20190421,1
49,20190422,1
49,20190423,1
49,20190424,1
49,20190425,1
49,20190428,1
49,20190429,1
49,20190430,1
49,20190501,1
49,20190502,1
49,20190505,1
49,20190506,1
49,20190507,1
49,20190508,1
49,20190509,1
49,20190512,1
49,20190513,1
49,20190514,1
49,20190515,1
49,20190516,1
49,20190519,1
49,20190520,1
49,20190521,1
49,20190522,1
49,20190523,1
49,20190526,1
49,20190527,1
49,20190528,1
49,20190529,1
49,20190530,1
49,20190602,1
49,20190603,1
49,20190604,1
49,20190605,1
49,20190606,1
49,20190609,1
49,20190610,1
49,20190611,1
49,20190612,1
49,20190613,1
49,20190616,1
49,20190617,1
49,20190618,1
49,20190619,1
49,20190620,1
50,20190112,1
50,20190113,1
50,20190114,1
50,20190115,1
50,20190116,1
50,20190117,1
50,20190118,1
50,20190119,1
50,20190120,1
50,20190121,1
50,20190122,1
50,20190123,1
50,20190124,1
50,20190125,1
50,20190126,1
50,20190127,1
50,20190128,1
50,20190129,1
50,20190130,1
50,20190131,1
50,20190201,1
50,20190202,1
50,20190203,1
50,20190204,1
50,20190205,1
50,20190206,1
50,20190207,1
50,20190208,1
50,20190209,1
50,20190210,1
50,20190211,1
50,20190212,1
50,20190213,1
50,20190214,1
50,20190215,1
50,20190218,1
50,20190219,1
50,20190220,1
50,20190221,1
50,20190222,1
50,20190223,1
50,20190224,1
50,20190225,1
50,20190226,1
50,20190227,1
50,20190228,1
50,20190301,1
50,20190302,1
50,20190303,1
50,20190304,1
50,20190305,1
50,20190306,1
50,20190307,1
50,20190308,1
50,20190309,1
50,20190310,1
50,20190311,1
50,20190312,1
50,20190313,1
50,20190314,1
50,20190315,1
50,20190316,1
50,20190317,1
50,20190318,1
50,20190319,1
50,20190320,1
50,20190321,1
50,20190322,1
50,20190323,1
50,20190324,1
50,20190325,1
50,20190326,1
50,20190327,1
50,20190328,1
50,20190329,1
50,20190330,1
50,20190331,1
50,20190401,1
50,20190402,1
50,20190403,1
50,20190404,1
50,20190405,1
50,20190406,1
50,20190407,1
50,20190408,1
50,20190409,1
50,20190410,1
50,20190411,1
50,20190412,1
50,20190413,1
50,20190414,1
50,20190415,1
50,20190416,1
50,20190417,1
50,20190418,1
50,20190419,1
50,20190420,1
50,20190421,1
50,20190422,1
50,20190423,1
50,20190424,1
50,20190425,1
50,20190426,1
50,20190427,1
50,20190428,1
50,20190429,1
50,20190430,1
50,20190501,1
50,20190502,1
50,20190503,1
50,20190504,1
50,20190505,1
50,20190506,1
50,20190507,1
50,20190508,1
50,20190509,1
50,20190510,1
50,20190511,1
50,20190512,1
50,20190513,1
50,20190514,1
50,20190515,1
50,20190516,1
50,20190517,1
50,20190518,1
50,20190519,1
50,20190520,1
50,20190521,1
50,20190522,1
50,20190523,1
50,20190524,1
50,20190525,1
50,20190526,1
50,20190527,1
50,20190528,1
50,20190529,1
50,20190530,1
50,20190531,1
50,20190601,1
50,20190602,1
50,20190603,1
50,20190604,1
50,20190605,1
50,20190606,1
50,20190607,1
50,20190608,1
50,20190609,1
50,20190610,1
50,20190611,1
50,20190612,1
50,20190613,1
50,20190614,1
50,20190615,1
50,20190616,1
50,20190617,1
50,20190618,1
50,20190619,1
50,20190620,1
51,20190216,1
51,20190217,1
52,20190114,1
52,20190115,1
52,20190117,1
52,20190121,1
52,20190122,1
52,20190124,1
52,20190128,1
52,20190129,1
52,20190131,1
52,20190204,1
52,20190205,1
52,20190207,1
52,20190211,1
52,20190212,1
52,20190214,1
52,20190225,1
52,20190226,1
52,20190228,1
52,20190304,1
52,20190305,1
52,20190307,1
52,20190311,1
52,20190312,1
52,20190314,1
52,20190318,1
52,20190319,1
52,20190321,1
52,20190325,1
52,20190326,1
52,20190328,1
52,20190401,1
52,20190402,1
52,20190404,1
52,20190408,1
52,20190409,1
52,20190411,1
52,20190422,1
52,20190423,1
52,20190425,1
52,20190429,1
52,20190502,1
52,20190506,1
52,20190507,1
52,20190509,1
52,20190513,1
52,20190514,1
52,20190516,1
52,20190520,1
52,20190521,1
52,20190523,1
52,20190527,1
52,20190528,1
52,20190530,1
52,20190603,1
52,20190604,1
52,20190606,1
52,20190610,1
52,20190611,1
53,20190116,1
53,20190118,1
53,20190123,1
53,20190125,1
53,20190130,1
53,20190201,1
53,20190206,1
53,20190208,1
53,20190213,1
53,20190215,1
53,20190227,1
53,20190301,1
53,20190306,1
53,20190308,1
53,20190313,1
53,20190315,1
53,20190320,1
53,20190322,1
53,20190327,1
53,20190329,1
53,20190403,1
53,20190405,1
53,20190410,1
53,20190412,1
53,20190419,1
53,20190424,1
53,20190426,1
53,20190501,1
53,20190503,1
53,20190508,1
53,20190510,1
53,20190515,1
53,20190517,1
53,20190522,1
53,20190524,1
53,20190529,1
53,20190605,1
53,20190612,1
54,20190114,1
54,20190115,1
54,20190116,1
54,20190118,1
54,20190121,1
54,20190122,1
54,20190123,1
54,20190125,1
54,20190128,1
54,20190129,1
54,20190130,1
54,20190201,1
54,20190204,1
54,20190205,1
54,20190206,1
54,20190208,1
54,20190211,1
54,20190212,1
54,20190213,1
54,20190215,1
54,20190225,1
54,20190226,1
54,20190227,1
54,20190301,1
54,20190304,1
54,20190305,1
54,20190306,1
54,20190308,1
54,20190311,1
54,20190312,1
54,20190313,1
54,20190315,1
54,20190318,1
54,20190319,1
54,20190320,1
54,20190322,1
54,20190325,1
54,20190326,1
54,20190327,1
54,20190329,1
54,20190401,1
54,20190402,1
54,20190403,1
54,20190405,1
54,20190408,1
54,20190409,1
54,20190410,1
54,20190412,1
54,20190419,1
54,20190422,1
54,20190423,1
54,20190424,1
54,20190426,1
54,20190429,1
54,20190501,1
54,20190503,1
54,20190506,1
54,20190507,1
54,20190508,1
54,20190510,1
54,20190513,1
54,20190514,1
54,20190515,1
54,20190517,1
54,20190520,1
54,20190521,1
54,20190522,1
54,20190524,1
54,20190527,1
54,20190528,1
54,20190529,1
54,20190603,1
54,20190604,1
54,20190605,1
54,20190610,1
54,20190611,1
54,20190612,1
55,20190113,1
55,20190114,1
55,20190115,1
55,20190116,1
55,20190117,1
55,20190120,1
55,20190121,1
55,20190122,1
55,20190123,1
55,20190124,1
55,20190127,1
55,20190128,1
55,20190129,1
55,20190130,1
55,20190131,1
55,20190203,1
55,20190204,1
55,20190205,1
55,20190206,1
55,20190207,1
55,20190210,1
55,20190211,1
55,20190212,1
55,20190213,1
55,20190214,1
55,20190217,1
55,20190218,1
55,20190219,1
55,20190220,1
55,20190221,1
55,20190224,1
55,20190225,1
55,20190226,1
55,20190227,1
55,20190228,1
55,20190303,1
55,20190304,1
55,20190305,1
55,20190306,1
55,20190307,1
55,20190310,1
55,20190311,1
55,20190312,1
55,20190313,1
55,20190314,1
55,20190317,1
55,20190318,1
55,20190319,1
55,20190320,1
55,20190321,1
55,20190324,1
55,20190325,1
55,20190326,1
55,20190327,1
55,20190328,1
55,20190331,1
55,20190401,1
55,20190402,1
55,20190403,1
55,20190404,1
55,20190407,1
55,20190408,1
55,20190409,1
55,20190410,1
55,20190411,1
55,20190414,1
55,20190415,1
55,20190416,1
55,20190417,1
55,20190418,1
55,20190422,1
55,20190423,1
55,20190424,1
55,20190425,1
55,20190428,1
55,20190429,1
55,20190430,1
55,20190501,1
55,20190502,1
55,20190505,1
55,20190506,1
55,20190507,1
55,20190508,1
55,20190509,1
55,20190512,1
55,20190513,1
55,20190514,1
55,20190515,1
55,20190516,1
55,20190519,1
55,20190520,1
55,20190521,1
55,20190522,1
55,20190523,1
55,20190526,1
55,20190527,1
55,20190528,1
55,20190529,1
55,20190530,1
55,20190602,1
55,20190603,1
55,20190604,1
55,20190605,1
55,20190606,1
55,20190609,1
55,20190610,1
55,20190611,1
55,20190612,1
55,20190613,1
55,20190616,1
56,20190112,1
56,20190118,1
56,20190119,1
56,20190125,1
56,20190126,1
56,20190201,1
56,20190202,1
56,20190208,1
56,20190209,1
56,20190215,1
56,20190216,1
56,20190222,1
56,20190223,1
56,20190301,1
56,20190302,1
56,20190308,1
56,20190309,1
56,20190315,1
56,20190316,1
56,20190322,1
56,20190323,1
56,20190329,1
56,20190330,1
56,20190405,1
56,20190406,1
56,20190412,1
56,20190413,1
56,20190419,1
56,20190420,1
56,20190421,1
56,20190422,1
56,20190426,1
56,20190427,1
56,20190430,1
56,20190501,1
56,20190503,1
56,20190504,1
56,20190510,1
56,20190511,1
56,20190517,1
56,20190518,1
56,20190524,1
56,20190525,1
56,20190529,1
56,20190530,1
56,20190531,1
56,20190601,1
56,20190605,1
56,20190606,1
56,20190607,1
56,20190608,1
56,20190614,1
56,20190615,1
57,20190112,1
57,20190113,1
57,20190114,1
57,20190115,1
57,20190116,1
57,20190117,1
57,20190119,1
57,20190120,1
57,20190121,1
57,20190122,1
57,20190123,1
57,20190124,1
57,20190126,1
57,20190127,1
57,20190128,1
57,20190129,1
57,20190130,1
57,20190131,1
57,20190202,1
57,20190203,1
57,20190204,1
57,20190205,1
57,20190206,1
57,20190207,1
57,20190209,1
57,20190210,1
57,20190211,1
57,20190212,1
57,20190213,1
57,20190214,1
57,20190216,1
57,20190217,1
57,20190218,1
57,20190219,1
57,20190220,1
57,20190221,1
57,20190223,1
57,20190224,1
57,20190225,1
57,20190226,1
57,20190227,1
57,20190228,1
57,20190302,1
57,20190303,1
57,20190304,1
57,20190305,1
57,20190306,1
57,20190307,1
57,20190309,1
57,20190310,1
57,20190311,1
57,20190312,1
57,20190313,1
57,20190314,1
57,20190316,1
57,20190317,1
57,20190318,1
57,20190319,1
57,20190320,1
57,20190321,1
57,20190323,1
57,20190324,1
57,20190325,1
57,20190326,1
57,20190327,1
57,20190328,1
57,20190330,1
57,20190331,1
57,20190401,1
57,20190402,1
57,20190403,1
57,20190404,1
57,20190406,1
57,20190407,1
57,20190408,1
57,20190409,1
57,20190410,1
57,20190411,1
57,20190413,1
57,20190414,1
57,20190415,1
57,20190416,1
57,20190417,1
57,20190418,1
57,20190420,1
57,20190422,1
57,20190423,1
57,20190424,1
57,20190425,1
57,20190427,1
57,20190428,1
57,20190429,1
57,20190501,1
57,20190502,1
57,20190504,1
57,20190505,1
57,20190506,1
57,20190507,1
57,20190508,1
57,20190509,1
57,20190511,1
57,20190512,1
57,20190513,1
57,20190514,1
57,20190515,1
57,20190516,1
57,20190518,1
57,20190519,1
57,20190520,1
57,20190521,1
57,20190522,1
57,20190523,1
57,20190525,1
57,20190526,1
57,20190527,1
57,20190528,1
57,20190530,1
57,20190601,1
57,20190602,1
57,20190603,1
57,20190604,1
57,20190606,1
57,20190608,1
57,20190609,1
57,20190610,1
57,20190611,1
57,20190612,1
57,20190613,1
57,20190615,1
57,20190616,1
58,20190421,1
59,20190116,1
59,20190123,1
59,20190130,1
59,20190206,1
59,20190213,1
59,20190220,1
59,20190306,1
59,20190313,1
59,20190320,1
59,20190327,1
59,20190403,1
59,20190410,1
59,20190424,1
59,20190501,1
59,20190508,1
59,20190515,1
59,20190522,1
59,20190529,1
59,20190605,1
60,20190225,1
60,20190226,1
60,20190227,1
60,20190228,1
60,20190301,1
60,20190415,1
60,20190416,1
60,20190417,1
60,20190418,1
60,20190419,1
60,20190422,1
60,20190430,1
60,20190501,1
60,20190530,1
60,20190531,1
60,20190606,1
60,20190607,1
60,20190612,1
60,20190613,1
60,20190614,1
61,20190114,1
61,20190115,1
61,20190117,1
61,20190118,1
61,20190121,1
61,20190122,1
61,20190124,1
61,20190125,1
61,20190128,1
61,20190129,1
61,20190131,1
61,20190201,1
61,20190204,1
61,20190205,1
61,20190207,1
61,20190208,1
61,20190211,1
61,20190212,1
61,20190214,1
61,20190215,1
61,20190218,1
61,20190219,1
61,20190221,1
61,20190222,1
61,20190304,1
61,20190305,1
61,20190307,1
61,20190308,1
61,20190311,1
61,20190312,1
61,20190314,1
61,20190315,1
61,20190318,1
61,20190319,1
61,20190321,1
61,20190322,1
61,20190325,1
61,20190326,1
61,20190328,1
61,20190329,1
61,20190401,1
61,20190402,1
61,20190404,1
61,20190405,1
61,20190408,1
61,20190409,1
61,20190411,1
61,20190412,1
61,20190419,1
61,20190422,1
61,20190423,1
61,20190425,1
61,20190426,1
61,20190429,1
61,20190502,1
61,20190503,1
61,20190506,1
61,20190507,1
61,20190509,1
61,20190510,1
61,20190513,1
61,20190514,1
61,20190516,1
61,20190517,1
61,20190520,1
61,20190521,1
61,20190523,1
61,20190524,1
61,20190527,1
61,20190528,1
61,20190530,1
61,20190603,1
61,20190604,1
61,20190606,1
61,20190610,1
61,20190611,1
62,20190118,1
62,20190125,1
62,20190201,1
62,20190208,1
62,20190215,1
62,20190222,1
62,20190308,1
62,20190315,1
62,20190322,1
62,20190329,1
62,20190405,1
62,20190412,1
62,20190419,1
62,20190426,1
62,20190503,1
62,20190510,1
62,20190517,1
62,20190524,1
63,20190114,1
63,20190115,1
63,20190116,1
63,20190117,1
63,20190121,1
63,20190122,1
63,20190123,1
63,20190124,1
63,20190128,1
63,20190129,1
63,20190130,1
63,20190131,1
63,20190204,1
63,20190205,1
63,20190206,1
63,20190207,1
63,20190211,1
63,20190212,1
63,20190213,1
63,20190214,1
63,20190218,1
63,20190219,1
63,20190220,1
63,20190221,1
63,20190304,1
63,20190305,1
63,20190306,1
63,20190307,1
63,20190311,1
63,20190312,1
63,20190313,1
63,20190314,1
63,20190318,1
63,20190319,1
63,20190320,1
63,20190321,1
63,20190325,1
63,20190326,1
63,20190327,1
63,20190328,1
63,20190401,1
63,20190402,1
63,20190403,1
63,20190404,1
63,20190408,1
63,20190409,1
63,20190410,1
63,20190411,1
63,20190422,1
63,20190423,1
63,20190424,1
63,20190425,1
63,20190429,1
63,20190501,1
63,20190502,1
63,20190506,1
63,20190507,1
63,20190508,1
63,20190509,1
63,20190513,1
63,20190514,1
63,20190515,1
63,20190516,1
63,20190520,1
63,20190521,1
63,20190522,1
63,20190523,1
63,20190527,1
63,20190528,1
63,20190529,1
63,20190530,1
63,20190603,1
63,20190604,1
63,20190605,1
63,20190606,1
63,20190610,1
63,20190611,1
64,20190112,1
64,20190114,1
64,20190115,1
64,20190116,1
64,20190117,1
64,20190118,1
64,20190119,1
64,20190121,1
64,20190122,1
64,20190123,1
64,20190124,1
64,20190125,1
64,20190126,1
64,20190128,1
64,20190129,1
64,20190130,1
64,20190131,1
64,20190201,1
64,20190202,1
64,20190204,1
64,20190205,1
64,20190206,1
64,20190207,1
64,20190208,1
64,20190209,1
64,20190211,1
64,20190212,1
64,20190213,1
64,20190214,1
64,20190215,1
64,20190216,1
64,20190218,1
64,20190219,1
64,20190220,1
64,20190221,1
64,20190222,1
64,20190223,1
64,20190225,1
64,20190226,1
64,20190227,1
64,20190228,1
64,20190301,1
64,20190302,1
64,20190304,1
64,20190305,1
64,20190306,1
64,20190307,1
64,20190308,1
64,20190309,1
64,20190311,1
64,20190312,1
64,20190313,1
64,20190314,1
64,20190315,1
64,20190316,1
64,20190318,1
64,20190319,1
64,20190320,1
64,20190321,1
64,20190322,1
64,20190323,1
64,20190325,1
64,20190326,1
64,20190327,1
64,20190328,1
64,20190329,1
64,20190330,1
64,20190401,1
64,20190402,1
64,20190403,1
64,20190404,1
64,20190405,1
64,20190406,1
64,20190408,1
64,20190409,1
64,20190410,1
64,20190411,1
64,20190412,1
64,20190413,1
64,20190415,1
64,20190416,1
64,20190417,1
64,20190418,1
64,20190419,1
64,20190420,1
64,20190422,1
64,20190423,1
64,20190424,1
64,20190425,1
64,20190426,1
64,20190427,1
64,20190429,1
64,20190430,1
64,20190501,1
64,20190502,1
64,20190503,1
64,20190504,1
64,20190506,1
64,20190507,1
64,20190508,1
64,20190509,1
64,20190510,1
64,20190511,1
64,20190513,1
64,20190514,1
64,20190515,1
64,20190516,1
64,20190517,1
64,20190518,1
64,20190520,1
64,20190521,1
64,20190522,1
64,20190523,1
64,20190524,1
64,20190525,1
64,20190527,1
64,20190528,1
64,20190529,1
64,20190530,1
64,20190531,1
64,20190601,1
64,20190603,1
64,20190604,1
64,20190605,1
64,20190606,1
64,20190607,1
64,20190608,1
64,20190610,1
64,20190611,1
64,20190612,1
64,20190613,1
64,20190614,1
64,20190615,1
65,20190113,1
65,20190114,1
65,20190115,1
65,20190116,1
65,20190117,1
65,20190118,1
65,20190120,1
65,20190121,1
65,20190122,1
65,20190123,1
65,20190124,1
65,20190125,1
65,20190127,1
65,20190128,1
65,20190129,1
65,20190130,1
65,20190131,1
65,20190201,1
65,20190203,1
65,20190204,1
65,20190205,1
65,20190206,1
65,20190207,1
65,20190208,1
65,20190210,1
65,20190211,1
65,20190212,1
65,20190213,1
65,20190214,1
65,20190215,1
65,20190217,1
65,20190218,1
65,20190219,1
65,20190220,1
65,20190221,1
65,20190222,1
65,20190224,1
65,20190225,1
65,20190226,1
65,20190227,1
65,20190228,1
65,20190301,1
65,20190303,1
65,20190304,1
65,20190305,1
65,20190306,1
65,20190307,1
65,20190308,1
65,20190310,1
65,20190311,1
65,20190312,1
65,20190313,1
65,20190314,1
65,20190315,1
65,20190317,1
65,20190318,1
65,20190319,1
65,20190320,1
65,20190321,1
65,20190322,1
65,20190324,1
65,20190325,1
65,20190326,1
65,20190327,1
65,20190328,1
65,20190329,1
65,20190331,1
65,20190401,1
65,20190402,1
65,20190403,1
65,20190404,1
65,20190405,1
65,20190407,1
65,20190408,1
65,20190409,1
65,20190410,1
65,20190411,1
65,20190412,1
65,20190414,1
65,20190415,1
65,20190416,1
65,20190417,1
65,20190418,1
65,20190419,1
65,20190421,1
65,20190422,1
65,20190423,1
65,20190424,1
65,20190425,1
65,20190426,1
65,20190428,1
65,20190429,1
65,20190430,1
65,20190501,1
65,20190502,1
65,20190503,1
65,20190505,1
65,20190506,1
65,20190507,1
65,20190508,1
65,20190509,1
65,20190510,1
65,20190512,1
65,20190513,1
65,20190514,1
65,20190515,1
65,20190516,1
65,20190517,1
65,20190519,1
65,20190520,1
65,20190521,1
65,20190522,1
65,20190523,1
65,20190524,1
65,20190526,1
65,20190527,1
65,20190528,1
65,20190529,1
65,20190530,1
65,20190531,1
65,20190602,1
65,20190603,1
65,20190604,1
65,20190605,1
65,20190606,1
65,20190607,1
65,20190609,1
65,20190610,1
65,20190611,1
65,20190612,1
65,20190613,1
65,20190614,1
65,20190616,1
66,20190402,1
66,20190403,1
66,20190404,1
66,20190405,1
66,20190409,1
66,20190410,1
66,20190411,1
66,20190412,1
66,20190419,1
66,20190501,1
66,20190530,1
66,20190606,1
67,20190118,1
67,20190125,1
67,20190201,1
67,20190208,1
67,20190215,1
67,20190222,1
67,20190301,1
67,20190308,1
67,20190315,1
67,20190322,1
67,20190329,1
67,20190405,1
67,20190412,1
67,20190419,1
67,20190421,1
67,20190422,1
67,20190426,1
67,20190430,1
67,20190501,1
67,20190503,1
67,20190510,1
67,20190517,1
67,20190524,1
67,20190529,1
67,20190530,1
67,20190531,1
67,20190605,1
67,20190606,1
67,20190607,1
67,20190614,1
68,20190114,1
68,20190118,1
68,20190121,1
68,20190125,1
68,20190128,1
68,20190201,1
68,20190204,1
68,20190208,1
68,20190211,1
68,20190215,1
68,20190225,1
68,20190301,1
68,20190304,1
68,20190308,1
68,20190311,1
68,20190315,1
68,20190318,1
68,20190322,1
68,20190325,1
68,20190329,1
68,20190401,1
68,20190405,1
68,20190408,1
68,20190412,1
68,20190419,1
68,20190422,1
68,20190426,1
68,20190429,1
68,20190503,1
68,20190506,1
68,20190510,1
68,20190513,1
68,20190517,1
68,20190520,1
68,20190524,1
68,20190527,1
68,20190603,1
68,20190610,1
69,20190115,1
69,20190116,1
69,20190117,1
69,20190122,1
69,20190123,1
69,20190124,1
69,20190129,1
69,20190130,1
69,20190131,1
69,20190205,1
69,20190206,1
69,20190207,1
69,20190212,1
69,20190213,1
69,20190214,1
69,20190226,1
69,20190227,1
69,20190228,1
69,20190305,1
69,20190306,1
69,20190307,1
69,20190312,1
69,20190313,1
69,20190314,1
69,20190319,1
69,20190320,1
69,20190321,1
69,20190326,1
69,20190327,1
69,20190328,1
69,20190402,1
69,20190403,1
69,20190404,1
69,20190409,1
69,20190410,1
69,20190411,1
69,20190423,1
69,20190424,1
69,20190425,1
69,20190501,1
69,20190502,1
69,20190507,1
69,20190508,1
69,20190509,1
69,20190514,1
69,20190515,1
69,20190516,1
69,20190521,1
69,20190522,1
69,20190523,1
69,20190528,1
69,20190529,1
69,20190530,1
69,20190604,1
69,20190605,1
69,20190606,1
69,20190611,1
69,20190612,1
70,20190113,1
70,20190114,1
70,20190115,1
70,20190116,1
70,20190117,1
70,20190120,1
70,20190121,1
70,20190122,1
70,20190123,1
70,20190124,1
70,20190127,1
70,20190128,1
70,20190129,1
70,20190130,1
70,20190131,1
70,20190203,1
70,20190204,1
70,20190205,1
70,20190206,1
70,20190207,1
70,20190210,1
70,20190211,1
70,20190212,1
70,20190213,1
70,20190214,1
70,20190217,1
70,20190218,1
70,20190219,1
70,20190220,1
70,20190221,1
70,20190224,1
70,20190225,1
70,20190226,1
70,20190227,1
70,20190228,1
70,20190303,1
70,20190304,1
70,20190305,1
70,20190306,1
70,20190307,1
70,20190310,1
70,20190311,1
70,20190312,1
70,20190313,1
70,20190314,1
70,20190317,1
70,20190318,1
70,20190319,1
70,20190320,1
70,20190321,1
70,20190324,1
70,20190325,1
70,20190326,1
70,20190327,1
70,20190328,1
70,20190331,1
70,20190401,1
70,20190402,1
70,20190403,1
70,20190404,1
70,20190407,1
70,20190408,1
70,20190409,1
70,20190410,1
70,20190411,1
70,20190414,1
70,20190415,1
70,20190416,1
70,20190417,1
70,20190418,1
70,20190422,1
70,20190423,1
70,20190424,1
70,20190425,1
70,20190428,1
70,20190429,1
70,20190501,1
70,20190502,1
70,20190505,1
70,20190506,1
70,20190507,1
70,20190508,1
70,20190509,1
70,20190512,1
70,20190513,1
70,20190514,1
70,20190515,1
70,20190516,1
70,20190519,1
70,20190520,1
70,20190521,1
70,20190522,1
70,20190523,1
70,20190526,1
70,20190527,1
70,20190528,1
70,20190530,1
70,20190602,1
70,20190603,1
70,20190604,1
70,20190606,1
70,20190609,1
70,20190610,1
70,20190611,1
70,20190612,1
70,20190613,1
70,20190616,1
71,20190114,1
71,20190115,1
71,20190121,1
71,20190122,1
71,20190128,1
71,20190129,1
71,20190204,1
71,20190205,1
71,20190211,1
71,20190212,1
71,20190225,1
71,20190226,1
71,20190304,1
71,20190305,1
71,20190311,1
71,20190312,1
71,20190318,1
71,20190319,1
71,20190325,1
71,20190326,1
71,20190401,1
71,20190402,1
71,20190408,1
71,20190409,1
71,20190422,1
71,20190423,1
71,20190429,1
71,20190506,1
71,20190507,1
71,20190513,1
71,20190514,1
71,20190520,1
71,20190521,1
71,20190527,1
71,20190528,1
71,20190603,1
71,20190604,1
71,20190610,1
71,20190611,1
72,20190116,1
72,20190117,1
72,20190118,1
72,20190123,1
72,20190124,1
72,20190125,1
72,20190130,1
72,20190131,1
72,20190201,1
72,20190206,1
72,20190207,1
72,20190208,1
72,20190213,1
72,20190214,1
72,20190215,1
72,20190227,1
72,20190228,1
72,20190301,1
72,20190306,1
72,20190307,1
72,20190308,1
72,20190313,1
72,20190314,1
72,20190315,1
72,20190320,1
72,20190321,1
72,20190322,1
72,20190327,1
72,20190328,1
72,20190329,1
72,20190403,1
72,20190404,1
72,20190405,1
72,20190410,1
72,20190411,1
72,20190412,1
72,20190419,1
72,20190424,1
72,20190425,1
72,20190426,1
72,20190501,1
72,20190502,1
72,20190503,1
72,20190508,1
72,20190509,1
72,20190510,1
72,20190515,1
72,20190516,1
72,20190517,1
72,20190522,1
72,20190523,1
72,20190524,1
72,20190529,1
72,20190530,1
72,20190605,1
72,20190606,1
72,20190612,1
